Vertices:
v 1.000000 -1.000000 -1.000000
v 1.000000 1.000000 -1.000000
v 1.000000 -1.000000 1.000000
v 1.000000 1.000000 1.000000
v -1.000000 -1.000000 -1.000000
v -1.000000 1.000000 -1.000000
v -1.000000 -1.000000 1.000000
v -1.000000 1.000000 1.000000
v -0.720000 0.120000 -1.400000
v 0.300000 0.000000 5.000000
v -0.600000 -0.600000 -1.400000
v -0.300000 0.000000 5.000000
v -1.200000 0.200000 1.000000
v -0.600000 0.600000 -1.400000
v -1.200000 -0.200000 -1.000000
v -1.200000 0.200000 -1.000000
v 1.200000 -0.200000 1.000000
v 1.200000 -0.200000 -1.000000
v 1.200000 0.200000 -1.000000
v 1.200000 0.200000 1.000000
v -1.200000 -0.200000 1.000000
v 0.600000 0.600000 -1.400000
v 0.600000 -0.600000 -1.400000
v -4.200000 0.060000 1.000000
v -4.200000 -0.060000 1.000000
v -4.200000 -0.060000 -1.000000
v -4.200000 0.060000 -1.000000
v 4.200000 -0.060000 1.000000
v 4.200000 -0.060000 -1.000000
v 4.200000 0.060000 -1.000000
v 4.200000 0.060000 1.000000
v 4.200000 -0.180000 1.000000
v 4.200000 -0.180000 -1.000000
v 4.200000 0.180000 -1.000000
v 4.200000 0.180000 1.000000
v 4.500000 -0.180000 1.000000
v 4.500000 -0.180000 -1.000000
v 4.500000 0.180000 -1.000000
v 4.500000 0.180000 1.000000
v -4.200000 0.180000 1.000000
v -4.200000 -0.180000 1.000000
v -4.200000 -0.180000 -1.000000
v -4.200000 0.180000 -1.000000
v -4.500000 0.180000 1.000000
v -4.500000 -0.180000 1.000000
v -4.500000 -0.180000 -1.000000
v -4.500000 0.180000 -1.000000
v 4.350000 -0.180000 3.000000
v 4.350000 0.180000 3.000000
v -4.350000 0.180000 3.000000
v -4.350000 -0.180000 3.000000
v 0.000000 -0.700000 3.000000
v -0.720000 -0.120000 -1.400000
v 0.720000 -0.120000 -1.400000
v 0.720000 0.120000 -1.400000
Faces:
triCount: 106
Cleanup done
